<?xml version="1.0"?>
<opencv_storage>
<M1 type_id="opencv-matrix">
  <rows>3</rows>
  <cols>3</cols>
  <dt>d</dt>
  <data>
    4.2106311798834946e+02 0. 3.8860252761840820e+02 0.
    4.2106311798834946e+02 2.5226710510253906e+02 0. 0. 1.</data></M1>
<D1 type_id="opencv-matrix">
  <rows>5</rows>
  <cols>1</cols>
  <dt>d</dt>
  <data>
    0. 0. 0. 0. 0.</data></D1>
<M2 type_id="opencv-matrix">
  <rows>3</rows>
  <cols>3</cols>
  <dt>d</dt>
  <data>
    4.2106311798834946e+02 0. 3.8860252761840820e+02 0.
    4.2106311798834946e+02 2.5226710510253906e+02 0. 0. 1.</data></M2>
<D2 type_id="opencv-matrix">
  <rows>5</rows>
  <cols>1</cols>
  <dt>d</dt>
  <data>
    0. 0. 0. 0. 0.</data></D2>
<R1 type_id="opencv-matrix">
  <rows>3</rows>
  <cols>3</cols>
  <dt>d</dt>
  <data>
    9.9966014061487962e-01 -1.6127634278250653e-02
    -2.0481764533998571e-02 1.5982598746941312e-02
    9.9984616414432026e-01 -7.2252739175457329e-03
    2.0595140279528010e-02 6.8954665162185560e-03 9.9976411854916569e-01</data></R1>
<R2 type_id="opencv-matrix">
  <rows>3</rows>
  <cols>3</cols>
  <dt>d</dt>
  <data>
    9.9970114796402365e-01 -1.3891861282301020e-02
    -2.0115440575003599e-02 1.4033560059905689e-02
    9.9987757661123922e-01 6.9203310672762081e-03 2.0016841695387786e-02
    -7.2005541556878988e-03 9.9977371343139076e-01</data></R2>
<P1 type_id="opencv-matrix">
  <rows>3</rows>
  <cols>4</cols>
  <dt>d</dt>
  <data>
    4.2106311798834946e+02 0. 3.8860252761840820e+02 0. 0.
    4.2106311798834946e+02 2.5226710510253906e+02 0. 0. 0. 1. 0.</data></P1>
<P2 type_id="opencv-matrix">
  <rows>3</rows>
  <cols>4</cols>
  <dt>d</dt>
  <data>
    4.2106311798834946e+02 0. 3.8860252761840820e+02
    4.6370216289760471e+01 0. 4.2106311798834946e+02
    2.5226710510253906e+02 0. 0. 0. 1. 0.</data></P2>
<Q type_id="opencv-matrix">
  <rows>4</rows>
  <cols>4</cols>
  <dt>d</dt>
  <data>
    1. 0. 0. -3.8860252761840820e+02 0. 1. 0. -2.5226710510253906e+02 0.
    0. 0. 4.2106311798834946e+02 0. 0. -9.0804648258957794e+00 0.</data></Q>
<size type_id="opencv-matrix">
  <rows>2</rows>
  <cols>1</cols>
  <dt>i</dt>
  <data>
    752 480</data></size>
</opencv_storage>
