[LEFT_CAM_2K]
cx=1164.13
cy=574.379
fx=1400.09
fy=1400.09
new_cx=657.60512
new_cy=379.8072
new_fx=707.4816
new_fy=707.4792
k1=-0.171543
k2=0.0240596

[LEFT_CAM_FHD]
cx=1020.13
cy=493.379
fx=1400.09
fy=1400.09
new_cx=657.60512
new_cy=379.8072
new_fx=707.4816
new_fy=707.4792
k1=-0.171543
k2=0.0240596

[LEFT_CAM_HD]
cx=668.567
cy=335.19
fx=700.045
fy=700.045
new_cx=657.60512
new_cy=379.8072
new_fx=707.4816
new_fy=707.4792
k1=-0.171543
k2=0.0240596

[LEFT_CAM_VGA]
cx=349.784
cy=175.095
fx=350.023
fy=350.023
new_cx=343.016352
new_cy=379.8072
new_fx=196.711544
new_fy=351.25732
k1=-0.171543
k2=0.0240596

[RIGHT_CAM_2K]
cx=1061.5
cy=630.943
fx=1400.05
fy=1400.05
new_cx=657.60512
new_cy=379.8072
new_fx=707.4816
new_fy=707.4792
k1=-0.171688
k2=0.0240001

[RIGHT_CAM_FHD]
cx=917.499
cy=549.943
fx=1400.05
fy=1400.05
new_cx=657.60512
new_cy=379.8072
new_fx=707.4816
new_fy=707.4792
k1=-0.171688
k2=0.0240001

[RIGHT_CAM_HD]
cx=617.249
cy=363.471
fx=700.025
fy=700.025
new_cx=657.60512
new_cy=379.8072
new_fx=707.4816
new_fy=707.4792
k1=-0.171688
k2=0.0240001

[RIGHT_CAM_VGA]
cx=324.125
cy=189.236
fx=350.013
fy=350.013
new_cx=343.016352
new_cy=379.8072
new_fx=196.711544
new_fy=351.25732
k1=-0.171688
k2=0.0240001

[STEREO]
BaseLine=120
CV_2K=0.0223798
CV_FHD=0.0223798
CV_HD=0.0223798
CV_VGA=0.0223798
RX_2K=0.00388714
RX_FHD=0.00388714
RX_HD=0.00388714
RX_VGA=0.00388714
RZ_2K=-0.00139603
RZ_FHD=-0.00139603
RZ_HD=-0.00139603
RZ_VGA=-0.00139603
