[LEFT_CAM_2K]
cx=1141.91
cy=632.658
fx=1399.47
fy=1399.47
new_cx=657.60512
new_cy=379.8072
new_fx=707.4816
new_fy=707.4792
k1=-0.171207
k2=0.0274483

[LEFT_CAM_FHD]
cx=997.908
cy=551.658
fx=1399.47
fy=1399.47
new_cx=657.60512
new_cy=379.8072
new_fx=707.4816
new_fy=707.4792
k1=-0.171207
k2=0.0274483

[LEFT_CAM_HD]
cx=657.454
cy=364.329
fx=699.737
fy=699.737
new_cx=657.60512
new_cy=379.8072
new_fx=707.4816
new_fy=707.4792
k1=-0.171207
k2=0.0274483

[LEFT_CAM_VGA]
cx=343.727
cy=189.164
fx=349.869
fy=349.869
new_cx=343.016352
new_cy=196.711544
new_fx=351.25708
new_fy=351.25732
k1=-0.171207
k2=0.0274483

[RIGHT_CAM_2K]
cx=1141.14
cy=682.341
fx=1400.43
fy=1400.43
new_cx=657.60512
new_cy=379.8072
new_fx=707.4816
new_fy=707.4792
k1=-0.170063
k2=0.0259357

[RIGHT_CAM_FHD]
cx=997.139
cy=601.341
fx=1400.43
fy=1400.43
new_cx=657.60512
new_cy=379.8072
new_fx=707.4816
new_fy=707.4792
k1=-0.170063
k2=0.0259357

[RIGHT_CAM_HD]
cx=657.07
cy=389.17
fx=700.216
fy=700.216
new_cx=657.60512
new_cy=379.8072
new_fx=707.4816
new_fy=707.4792
k1=-0.170063
k2=0.0259357

[RIGHT_CAM_VGA]
cx=343.535
cy=201.585
fx=350.108
fy=350.108
new_cx=343.016352
new_cy=196.711544
new_fx=351.25708
new_fy=351.25732
k1=-0.170063
k2=0.0259357

[STEREO]
BaseLine=119.998
CV_2K=0.0114207
CV_FHD=0.0114207
CV_HD=0.0114207
CV_VGA=0.0114207
RX_2K=-0.0161816
RX_FHD=-0.0161816
RX_HD=-0.0161816
RX_VGA=-0.0161816
RZ_2K=-0.00115172
RZ_FHD=-0.00115172
RZ_HD=-0.00115172
RZ_VGA=-0.00115172
