[LEFT_CAM_2K]
cx=1138.17
cy=629.887
fx=1397.83
fy=1397.83
new_cx=657.60512
new_cy=379.8072
new_fx=707.4816
new_fy=707.4792
k1=-0.168505
k2=0.0269782

[LEFT_CAM_FHD]
cx=994.173
cy=548.887
fx=1397.83
fy=1397.83
k1=-0.168505
k2=0.0269782

[LEFT_CAM_HD]
cx=655.586
cy=362.944
fx=698.917
fy=698.917
k1=-0.168505
k2=0.0269782

[LEFT_CAM_VGA]
cx=342.793
cy=188.472
fx=349.459
fy=349.459
k1=-0.168505
k2=0.0269782

[RIGHT_CAM_2K]
cx=1146.88
cy=754.273
fx=1398.88
fy=1398.88
k1=-0.150437
k2=0.016024

[RIGHT_CAM_FHD]
cx=1002.88
cy=673.273
fx=1398.88
fy=1398.88
k1=-0.150437
k2=0.016024

[RIGHT_CAM_HD]
cx=659.94
cy=425.137
fx=699.441
fy=699.441
k1=-0.150437
k2=0.016024

[RIGHT_CAM_VGA]
cx=344.97
cy=219.568
fx=349.721
fy=349.721
k1=-0.150437
k2=0.016024

[STEREO]
BaseLine=120.017
CV_2K=0.0108758
CV_FHD=0.0108758
CV_HD=0.0108758
CV_VGA=0.0108758
RX_2K=0.0258905
RX_FHD=0.0258905
RX_HD=0.0258905
RX_VGA=0.0258905
RZ_2K=0.00699077
RZ_FHD=0.00699077
RZ_HD=0.00699077
RZ_VGA=0.00699077
