[LEFT_CAM_2K]
fx=1395
fy=1395
cx=1102.42
cy=634.455
k1=-0.17036
k2=0.0259166
p1=0.000185234
p2=-0.000432793


[RIGHT_CAM_2K]
fx=1394.48
fy=1394.48
cx=1109.56
cy=562.268
k1=-0.170782
k2=0.025559
p1=0.0000033279
p2=-0.0005913


[LEFT_CAM_FHD]
fx=1395
fy=1395
cx=958.422
cy=553.455
k1=-0.17036
k2=0.0259166
p1=0.000185234
p2=-0.000432793


[RIGHT_CAM_FHD]
fx=1394.48
fy=1394.48
cx=965.558
cy=481.268
k1=-0.170782
k2=0.025559
p1=0.0000033279
p2=-0.0005913


[LEFT_CAM_HD]
fx=697.502
fy=697.502
cx=637.711
cy=365.227
k1=-0.17036
k2=0.0259166
p1=0.000185234
p2=-0.000432793


[RIGHT_CAM_HD]
fx=697.24
fy=697.24
cx=641.279
cy=329.134
k1=-0.170782
k2=0.025559
p1=0.0000033279
p2=-0.0005913


[LEFT_CAM_VGA]
fx=348.751
fy=348.751
cx=334.356
cy=190.114
k1=-0.17036
k2=0.0259166
p1=0.000185234
p2=-0.000432793


[RIGHT_CAM_VGA]
fx=348.62
fy=348.62
cx=336.14
cy=172.067
k1=-0.170782
k2=0.025559
p1=0.0000033279
p2=-0.0005913


[STEREO]
Baseline=120.007
CV_2K=0.00733579
CV_FHD=0.00733579
CV_HD=0.00733579
CV_VGA=0.00733579
RX_2K=-0.0179131
RX_FHD=-0.0179131
RX_HD=-0.0179131
RX_VGA=-0.0179131
RZ_2K=-0.00255268
RZ_FHD=-0.00255268
RZ_HD=-0.00255268
RZ_VGA=-0.00255268
