<?xml version="1.0"?>
<opencv_storage>
<M1 type_id="opencv-matrix">
  <rows>3</rows>
  <cols>3</cols>
  <dt>d</dt>
  <data>
    .Nan 0. .Inf 0. .Nan .Inf 0. 0. 1.</data></M1>
<D1 type_id="opencv-matrix">
  <rows>5</rows>
  <cols>1</cols>
  <dt>d</dt>
  <data>
    0. 0. 0. 0. 0.</data></D1>
<M2 type_id="opencv-matrix">
  <rows>3</rows>
  <cols>3</cols>
  <dt>d</dt>
  <data>
    .Nan 0. .Inf 0. .Nan .Inf 0. 0. 1.</data></M2>
<D2 type_id="opencv-matrix">
  <rows>5</rows>
  <cols>1</cols>
  <dt>d</dt>
  <data>
    0. 0. 0. 0. 0.</data></D2>
<R1 type_id="opencv-matrix">
  <rows>3</rows>
  <cols>3</cols>
  <dt>d</dt>
  <data>
    9.9999999999999989e-01 -3.9881699288521477e-15
    -1.1744945294100972e-14 4.1171490832966320e-15
    9.9995989027335719e-01 8.9564415085045743e-03 1.1699408802856581e-14
    -8.9564415085045725e-03 9.9995989027335730e-01</data></R1>
<R2 type_id="opencv-matrix">
  <rows>3</rows>
  <cols>3</cols>
  <dt>d</dt>
  <data>
    9.9996983596319866e-01 -2.6182191016604199e-03
    -7.3124614507681217e-03 2.5526199568733361e-03
    9.9995654795884759e-01 -8.9658421568004701e-03
    7.3356182485896371e-03 8.9469057757746041e-03 9.9993306855106578e-01</data></R2>
<P1 type_id="opencv-matrix">
  <rows>3</rows>
  <cols>4</cols>
  <dt>d</dt>
  <data>
    .Nan 0. .Inf 0. 0. .Nan .Inf 0. 0. 0. 1. 0.</data></P1>
<P2 type_id="opencv-matrix">
  <rows>3</rows>
  <cols>4</cols>
  <dt>d</dt>
  <data>
    .Nan 0. .Inf .Nan 0. .Nan .Inf 0. 0. 0. 1. 0.</data></P2>
<Q type_id="opencv-matrix">
  <rows>4</rows>
  <cols>4</cols>
  <dt>d</dt>
  <data>
    1. 0. 0. -.Inf 0. 1. 0. -.Inf 0. 0. 0. .Nan 0. 0.
    8.3328472505770517e+00 .Nan</data></Q>
<size type_id="opencv-matrix">
  <rows>2</rows>
  <cols>1</cols>
  <dt>i</dt>
  <data>
    640 480</data></size>
</opencv_storage>
